Results

Script time: 713.49161 s
Training time: 686.80589 s


Overall accuracy:

epoch,acc,val_acc
1,0.96506,0.97815
2,0.97844,0.98037
3,0.97943,0.98063
4,0.97972,0.98066
5,0.98008,0.98093
6,0.98025,0.98102
7,0.98042,0.9811
8,0.98065,0.98122
9,0.98092,0.98118
10,0.98074,0.98138

Overall ROC_AUC: 0.97528,0.96808


toxic accuracy:

epoch,acc,val_acc
1,0.91323,0.94815
2,0.95198,0.95633
3,0.95502,0.9567
4,0.95648,0.9569
5,0.95665,0.95808
6,0.95756,0.95831
7,0.95756,0.95824
8,0.95799,0.95849
9,0.9593,0.95868
10,0.95806,0.95898

toxic ROC_AUC: 0.97651,0.96426


severe_toxic accuracy:

epoch,acc,val_acc
1,0.98879,0.99016
2,0.98968,0.99051
3,0.98976,0.9906
4,0.98951,0.99047
5,0.98997,0.99065
6,0.98973,0.99051
7,0.9899,0.9906
8,0.98994,0.99078
9,0.98979,0.9907
10,0.9897,0.99094

severe_toxic ROC_AUC: 0.98999,0.98739


obscene accuracy:

epoch,acc,val_acc
1,0.95365,0.97597
2,0.97419,0.97779
3,0.97586,0.97834
4,0.97578,0.97782
5,0.97641,0.97809
6,0.97654,0.97858
7,0.97705,0.97874
8,0.97735,0.97899
9,0.97789,0.97861
10,0.97784,0.97907

obscene ROC_AUC: 0.9897,0.98559


threat accuracy:

epoch,acc,val_acc
1,0.99449,0.99715
2,0.99684,0.99715
3,0.99685,0.99715
4,0.99685,0.99715
5,0.99685,0.99715
6,0.99685,0.99715
7,0.99685,0.99715
8,0.99685,0.99715
9,0.99685,0.99715
10,0.99685,0.99715

threat ROC_AUC: 0.95538,0.94223


insult accuracy:

epoch,acc,val_acc
1,0.95064,0.96639
2,0.96671,0.96936
3,0.96781,0.96987
4,0.96843,0.97055
5,0.96931,0.97051
6,0.96954,0.97045
7,0.96989,0.97078
8,0.97051,0.97081
9,0.97038,0.97086
10,0.97068,0.97102

insult ROC_AUC: 0.98432,0.97676


identity_hate accuracy:

epoch,acc,val_acc
1,0.98956,0.9911
2,0.99124,0.9911
3,0.99128,0.9911
4,0.99129,0.9911
5,0.99129,0.9911
6,0.99128,0.9911
7,0.99129,0.9911
8,0.99129,0.9911
9,0.99129,0.9911
10,0.99129,0.9911

identity_hate ROC_AUC: 0.9558,0.95223


